% Model:              coil.mph
% Version:            COMSOL 5.2.1.152
% Date:               Mar 27 2018, 09:15
% Dimension:          2
% Nodes:              560
% Expressions:        1
% Description:        Magnetic vector potential, z component
% Length unit:        m
% x                       y                        comp1.Az (Wb/m)
-1                        -0.8947368421052628      0
-1                        -1                       0
-0.9320169187350638       -0.9287428113278953      8.847804120585125E-5
-0.8947368421052662       -1                       0
-1                        -0.7894736842105259      0
-0.922279016575963        -0.8416837308821769      2.2471701692586914E-4
-0.7894736842105292       -1                       0
-0.8430687349940896       -0.9072934836520373      2.657164982187837E-4
-1                        -0.6842105263157889      0
-0.918581354459824        -0.7386297878142178      3.8829454907033105E-4
-0.6842105263157923       -1                       0
-0.7345155504504213       -0.9159075173858955      4.073425603335528E-4
-1                        -0.5789473684210518      0
-0.9160164507157251       -0.6337561827597724      5.592980923441745E-4
-0.5789473684210553       -1                       0
-0.6299721004620916       -0.9152906337486013      5.69853528754152E-4
-0.47368421052631837      -1                       0
-0.5254999204969462       -0.9156659739092853      7.211219023285113E-4
-1                        -0.47368421052631465     0
-0.9157199107103302       -0.5276983843316694      7.175066217428175E-4
-1                        -0.36842105263157765     0
-0.9162067437260099       -0.42181247199095506     8.582238713855417E-4
-0.3684210526315814       -1                       0
-0.420798647708649        -0.916483441566808       8.566873129323389E-4
-1                        -0.26315789473684065     0
-0.9166859484139609       -0.3163894718961285      9.79176711359796E-4
-0.2631578947368445       -1                       0
-0.3161359996326527       -0.916873400450752       9.772328343670004E-4
-0.15789473684210753      -1                       0
-0.21119660666054388      -0.9167794010242906      0.0010772345021828114
-1                        -0.15789473684210353     0
-0.9169780308999319       -0.21164109303621675     0.001074295101434351
-0.05263157894737058      -1                       0
-0.10589351816051658      -0.9166335402419551      0.001143390079609602
-1                        -0.05263157894736642     0
-0.9165635755733722       -0.10655608900126105     0.0011440722048583934
0.05263157894736642       -1                       0
-5.036836623913537E-4     -0.916652232866945       0.0011655388399287047
-1                        0.05263157894737058      0
-0.9161886554674932       -0.0011573174855622227   0.001172073539567801
-1                        0.15789473684210753      0
-0.9161928321414302       0.10435866662157789      0.0011501240329220902
0.15789473684210353       -1                       0
0.10491113283915943       -0.9170848318790558      0.0011375577963301945
-1                        0.2631578947368445       0
-0.9164162938397153       0.20985744557464264      0.0010830255935406067
0.26315789473684065       -1                       0
0.20985590265143972       -0.9173260672349235      0.0010711587467924805
0.36842105263157765       -1                       0
0.3151450776154497        -0.9172059902274841      9.743689164277552E-4
-1                        0.3684210526315814       0
-0.9166054030405227       0.31512693287077764      9.814981987504477E-4
0.47368421052631465       -1                       0
0.42059878181640525       -0.9170747550961377      8.508542416855418E-4
0.5789473684210518        -1                       0
0.5261458100823083        -0.9173322604099071      7.059246977057665E-4
-1                        0.47368421052631837      0
-0.9151624592425259       0.42132731677526497      8.696043486124752E-4
-1                        0.5789473684210553       0
-0.9136987855677186       0.5287653004820569       7.33197619332212E-4
0.6842105263157889        -1                       0
0.6316296093661556        -0.9176687695256218      5.513954331212283E-4
0.7894736842105259        -1                       0
0.736702370122709         -0.9193064916538187      3.8765727930228276E-4
-1                        0.6842105263157923       0
-0.9132751983010006       0.6326920990590167       5.792305708124458E-4
-1                        0.7894736842105292       0
-0.9148709013752453       0.7330846593766908       4.145794552742156E-4
0.8947368421052628        -1                       0
0.8409832858993681        -0.9222209536374923      2.2587897618257685E-4
1                         -1                       0
0.928611550556884         -0.9315259912202352      8.928114411606115E-5
-1                        0.8947368421052662       0
-0.9039313978819912       0.8416006805301816       2.7793082297336737E-4
-1                        1                        0
-0.9275614519560392       0.9320513519434513       8.989921482378151E-5
1                         -0.8947368421052662      0
-0.041666666666666685     -0.125                   0.02209414896457439
-0.125                    -0.125                   0.019451408150366275
-0.07609253593164352      -0.20812780260254896     0.016801034563261718
-0.125                    -0.04166666666666666     0.02209557112945441
-0.2054943116445061       -0.079389134874935       0.01686923682843583
-0.125                    0.041666666666666685     0.022095664397605755
-0.20437988938048832      -0.00144373572744017     0.01758153047221053
-0.8947368421052628       1                        0
1                         -0.7894736842105292      0
0.9073376247797892        -0.8406721603584171      2.6964432763753595E-4
0.04166666666666666       -0.125                   0.022094173921259303
0.0025601509229572807     -0.20413842187870856     0.017592608380325447
-0.125                    0.125                    0.019449928260495637
-0.20574189689937541      0.07686087693263813      0.016897868488072534
-0.7894736842105259       1                        0
-0.8391390197929409       0.9239192370818088       2.2350824389000715E-4
1                         -0.6842105263157923      0
0.9146488639120545        -0.7311538290177464      4.1865424022528836E-4
0.125                     -0.125                   0.019451296540211035
0.08119560236615364       -0.20590846635570845     0.016821382866492155
-0.04166666666666666      0.125                    0.022093494851101948
-0.07891971207661147      0.20408279601852763      0.016941008048256028
-0.6842105263157889       1                        0
-0.7399165040908403       0.9155586054666539       4.007495675949836E-4
1                         -0.5789473684210553      0
0.9140874952876468        -0.6289997408030017      5.794504914746501E-4
0.125                     -0.041666666666666685    0.02209512537733324
0.20790076503388127       -0.0773971034653093      0.016791602026653082
0.125                     0.04166666666666666      0.022094613025013515
0.20293463759023858       0.0018884664075598547    0.017653905102425312
0.041666666666666685      0.125                    0.022093658593283452
-7.778923237644758E-4     0.20205439923908125      0.017699468081128295
-0.5789473684210518       1                        0
-0.634118128810214        0.914276450115894        5.703535932137272E-4
1                         -0.47368421052631837     0
0.9139122258536411        -0.525424477071467       7.362731697777795E-4
0.125                     0.125                    0.019448905634943947
0.20169225580459718       0.08179331380370965      0.017002909952380418
0.07786717046098142       0.20498989743082574      0.016916580741637575
-0.47368421052631465      1                        0
-0.5278510894633852       0.9143064875095785       7.293525490203881E-4
1                         -0.3684210526315814      0
0.9146586765365496        -0.4206145418763685      8.75731928874226E-4
-0.36842105263157765      1                        0
-0.42139147350185957      0.9150652014836317       8.705237056895861E-4
1                         -0.2631578947368445      0
0.9153013311272815        -0.3158145180148619      9.961776435365116E-4
-0.26315789473684065      1                        0
-0.31594806715788504      0.9155353793589458       9.93260772044689E-4
1                         -0.15789473684210753     0
0.9154288846452825        -0.2107630215619397      0.0010951876947949534
-0.15789473684210353      1                        0
-0.21079239183029788      0.9157112340830017       0.0010914816175313542
1                         -0.05263157894737058     0
0.9154392275571155        -0.1053401169408924      0.0011601339313146708
-0.05263157894736642      1                        0
-0.105745901006919        0.9154427618032898       0.0011599128709304481
1                         0.05263157894736642      0
0.9154154486578712        -4.703614821314576E-5    0.0011829744381985435
0.05263157894737058       1                        0
-7.154650721957466E-4     0.9150747024956535       0.0011877790955854286
1                         0.15789473684210353      0
0.9155692139450462        0.10515994800070029      0.001158411140539018
0.15789473684210753       1                        0
0.10464495329224177       0.9151833313138925       0.0011639689614865564
1                         0.26315789473684065      0
0.9157325210207596        0.21038967561009483      0.0010915253535249473
0.2631578947368445        1                        0
0.20977854211360447       0.9150477751745233       0.0011009439437518987
1                         0.36842105263157765      0
0.9157641008121984        0.31562879921314274      9.909053201949142E-4
0.3684210526315814        1                        0
0.31437838327665857       0.9143789414899691       0.0010086816699080763
1                         0.47368421052631465      0
0.9157564458480043        0.4208556482380296       8.641035586023084E-4
0.47368421052631837       1                        0
0.4193992972848601        0.9136711341085135       8.875353414980383E-4
1                         0.5789473684210518       0
0.9158320521186002        0.5261296431037096       7.18796643593906E-4
0.5789473684210553        1                        0
0.5240536598007698        0.9126950900651701       7.487534289493232E-4
1                         0.6842105263157889       0
0.9158568716643537        0.6315393711844245       5.636880072718294E-4
0.6842105263157923        1                        0
0.6282829013965026        0.9130884373269348       5.87313614661306E-4
1                         0.7894736842105259       0
0.9178505777389123        0.7366574284513346       3.9472552147380447E-4
0.7894736842105292        1                        0
0.7297307872556867        0.9139602610507311       4.242587127504193E-4
1                         0.8947368421052628       0
0.9210310326671931        0.8410022343618276       2.29308727567508E-4
0.8947368421052662        1                        0
0.838782866512223         0.9071874239116777       2.732837395332532E-4
1                         1                        0
0.9309101482569364        0.9285853000757536       9.011744245512472E-5
-0.8397610041163436       -0.7915519277812417      6.102606165973803E-4
-0.7655261763891228       -0.8383656703524072      6.92408404084786E-4
-0.8318197386231384       -0.6869872584492182      9.61121923671062E-4
-0.6791254422578711       -0.8305310943935421      9.926879311222365E-4
-0.7378880698375451       -0.7418191641238393      0.0012381968926887751
-0.8317200635148682       -0.58107497436108        0.0012817813473492302
-0.5775339045621178       -0.8296393771100466      0.001308437801316398
-0.7476393593866482       -0.6348966815995984      0.0016860164971237216
-0.6293168518459274       -0.7421642036404629      0.0017492869906801118
-0.6722294035171082       -0.6686569528618526      0.0019928415359044913
-0.4729654170211292       -0.8324070683515304      0.0015884186260345689
-0.8318891828923186       -0.4751306810488307      0.0015873473817341593
-0.7472357387610483       -0.5279806579773906      0.0021747524887655583
-0.5288224562931888       -0.7415699455515282      0.0022208029271988416
-0.6646111701789115       -0.580046761136965       0.002589551728078334
-0.5816915663365091       -0.6443579538083973      0.002739142857162602
-0.8329622001167533       -0.36953124130549364     0.0018550664723841672
-0.36887902683546014      -0.8339206308502995      0.0018458092582302294
-0.4219974945210474       -0.7480219322554059      0.0026235637036236916
-0.7475146260942939       -0.42260964486080876     0.0026264934190450557
-0.6601398281282675       -0.47310084082696474     0.00328579619854203
-0.4751952558395195       -0.6607696152614938      0.0032667858943240292
-0.578664961004178        -0.531336536812567       0.0036612692555254294
-0.5060773883590695       -0.5815113577050858      0.003834735514369739
-0.7507366208888466       -0.3173097431591746      0.0029917115208835817
-0.8345152456453742       -0.2644288205271814      0.0020689056200646184
-0.26433753377581753      -0.8340774162594332      0.0020746830624000507
-0.31708200980394435      -0.7519312311627714      0.0029774822246784183
-0.15927747045071122      -0.8335642126572447      0.002251940247479932
-0.3690408013330426       -0.6675331023548123      0.0037993900040728767
-0.6621241857785277       -0.3726047048469979      0.0038461901363073523
-0.5611022409330937       -0.42030756029109184     0.004738218906871713
-0.4185200512657233       -0.582562071288929       0.0045005566781968764
-0.47688012053820084      -0.4885030571086162      0.005031088890875672
-0.47382475405321145      -0.40529785958525955     0.005937645380761772
-0.6709227120118613       -0.2658857484437955      0.004258799916011997
-0.75231243267865         -0.2123454588431425      0.0032903590502346533
-0.8340290186858019       -0.15999995810064566     0.0022445451333325604
-0.05383838859815285      -0.8328402819774987      0.002353932539171311
-0.2134354454697709       -0.7514305084854891      0.0032999593294567382
-0.2647629786439559       -0.6728612091963341      0.004236166851841853
-0.1070006925065324       -0.7496117152788061      0.003541132487109079
-0.3166083766656727       -0.5888547890108254      0.00514498888315882
-0.5863983062418937       -0.31516272962679004     0.005189240996052269
-0.5051912088040191       -0.3358808669327384      0.006190582233020146
-0.3673183648588343       -0.5082005062927404      0.005862283240504249
-0.40073978152966516      -0.42583115225708973     0.006598452377806011
-0.4343605799450472       -0.36058951539875095     0.0069556815928250425
-0.5906351749878459       -0.2095333437875676      0.005745218209966396
-0.671679741705957        -0.15903890235014245     0.004637119615264063
-0.7509213920868575       -0.10760007277396538     0.0035204705719204636
-0.8323725654733255       -0.05536706867620437     0.002360027953518347
0.05165872889315598       -0.8335101005489819      0.0023451501451055468
-0.0014207278567964104    -0.7490662747332597      0.0036253563887097278
-0.1599662518471713       -0.6677691194646207      0.004696129038586874
-0.21219222766657078      -0.5907648773252467      0.005729763237140722
-0.05412971214312839      -0.6630674807642929      0.004988253868600184
-0.26654856292247764      -0.5099229976667383      0.0067083066422579845
-0.5118232318033057       -0.25236741053191714     0.0067872508909886066
-0.43037052853362967      -0.2891822266848439      0.007825591111243506
-0.3107708232747989       -0.4301774838037982      0.0075882487683035455
-0.3547871114989891       -0.3426520351291277      0.008363430753609168
-0.5105466841167986       -0.16055784882286941     0.007424046362378769
-0.8320029596168315       0.05062058614251005      0.0023675195209533245
-0.5901835393250703       -0.10434350295978584     0.006165856497783908
-0.665843713543452        -0.054374563695928475    0.004941415275501994
-0.7481073926604709       -0.0028673186462049483   0.0036402117646653436
-0.8325641126688116       0.15630836107610185      0.002269628458874576
0.15662104711250904       -0.8345324557089766      0.002241777882278032
0.10361271593133135       -0.7511253052149329      0.003522840022925328
0.05032143332477357       -0.6652702329443815      0.004955134719812747
-0.10742364763972614      -0.5734904986192415      0.006461352441545229
-0.17414620494355068      -0.5075614566764566      0.007402755088692119
7.060773146666879E-4      -0.5732042009105479      0.006631569936807017
-0.21825538012543866      -0.4339788728913623      0.008489980057922149
-0.43455517288644907      -0.2048287894475676      0.008602886274980888
-0.3575540836204458       -0.24665345065456368     0.009689187148050003
-0.2561380947526944       -0.3586210372271087      0.009538081911571262
-0.2797106804510194       -0.2818758623089324      0.010643881583217227
-0.43332399800032523      -0.11803189140853397     0.009292637491059089
-0.5092745726368788       -0.0704124505171708      0.007825130128925857
-0.747967490668536        0.10283332954853601      0.003571795966955386
-0.5720029534539676       -0.0027134829241646052   0.00665449033550025
-0.6614767910695052       0.050168853867465175     0.0050191292536523775
-0.4929415063990937       2.4553835574237583E-4    0.008271597010088278
-0.5135329963658763       0.05303370954844566      0.007776135881113573
-0.7495501000774185       0.2085271044924523       0.003339122702281616
-0.833389442167194        0.2616876088294571       0.002088658615875764
0.2616667666249132        -0.834637948677674       0.0020726634445888304
0.20808376799518094       -0.7519449443880699      0.003306371918846468
0.3671700672315218        -0.8341971703561696      0.0018468380323877487
0.15401373985974132       -0.6687267568813019      0.0046981456229631255
0.09917329314540246       -0.5864098807688672      0.00624816688139309
-0.04907925131640871      -0.5146330723716658      0.007760689716701885
-0.10289241759163244      -0.49348846985412675     0.00804683328524388
6.864788822205168E-4      -0.49900473761776143     0.008139524608564333
-0.13164029268883126      -0.43385287718993854     0.009195154250428163
0.06900079773171243       -0.5120292147356655      0.007771314413748978
-0.16769224297416438      -0.360505153076279       0.010609001737441011
-0.35884953328819486      -0.16111703112177858     0.010721392225983813
-0.2870514750643928       -0.2002647592351319      0.011976840336101073
-0.1999972567982364       -0.2876525479608697      0.01196632675642148
-0.22824390824816945      -0.23034346889918503     0.012795269240964784
-0.35768304020543473      -0.07742385278249982     0.011469751587540362
-0.4290349848681957       -0.03385137575931761     0.009732798260448568
-0.6641035879181781       0.1542423903588917       0.0047709643248292416
-0.5722430082005477       0.10435738628210418      0.0064934768063279686
-0.44109038410028323      0.05516380709050572      0.00938833283783525
-0.49546497828105257      0.1033897443585003       0.00800338768642473
-0.6671685180500813       0.25821157036618064      0.004345629543372029
-0.7491803526664127       0.31319956762038215      0.0030256656550276596
-0.8318711233906844       0.3675623977488367       0.0018722965827234308
0.4730514671730386        -0.8337750913733009      0.0015750412871187198
0.5789634231908833        -0.8354749464643823      0.0012590789322010113
0.3135283132632022        -0.7516748991769742      0.002992955560083353
0.2599796335762453        -0.6688980757239751      0.004313213590203507
0.4199236375067993        -0.7496429797773462      0.0026145331119256103
0.2040553762117781        -0.5877800164122877      0.005819481721350435
0.15695569272882373       -0.5098645647862072      0.007457174891948032
-0.04572975320600951      -0.44578729108102433     0.009300783837692034
0.02853452388714169       -0.44936990898990314     0.009247215455912351
-0.0809640239804776       -0.36213593968948865     0.01132280890453737
0.10345928118692517       -0.42198045485106456     0.009643044989297354
-0.11915840949930782      -0.2867896434989063      0.013229608605650681
-0.28305219839163814      -0.11943117109256812     0.013344871331709474
-0.2149033816582249       -0.16216350666420765     0.01477548653259818
-0.16060800822865742      -0.21852811786608964     0.01469696576600305
-0.28234803573255013      -0.03818420799818452     0.01411871092359554
-0.3605090046481053       0.006692903029812925     0.011619946070622033
-0.5886734308148711       0.20283853535802         0.0058106939790939305
-0.36217891965262844      0.0876187628179559       0.01128001803692797
-0.5104463195003827       0.16954195340757106      0.007375092157682543
-0.4411994197837738       0.13346649349258377      0.009018665905909993
-0.5864720436150309       0.3068954242813513       0.005242568640784601
-0.8287201241450335       0.47443897035853366      0.0016196929428030154
-0.6641093042058598       0.3638032375760829       0.0038697332739022054
-0.7476930432152351       0.4198037738376936       0.0026361245809911325
-0.8181968310016267       0.588130344523962        0.0013630207648935818
0.6848795880459617        -0.8341281500987291      9.54211553485477E-4
0.7890376728016842        -0.8418210790753358      6.096691809505771E-4
0.5259799255192296        -0.7509900903361197      0.0021504917919475497
0.6313003540994301        -0.7526812992601173      0.0016681197268989631
0.36717824462517673       -0.6653713993300625      0.0038359113626013908
0.31302901141143774       -0.587902018068903       0.005182034778176834
0.47402687108477315       -0.6660438322554914      0.003220528553920243
0.2518819392165197        -0.5061843965384644      0.0068861464313869246
0.34327554402360716       -0.5009476849489716      0.006184173418281195
0.20150357291637813       -0.4293350979701516      0.008738892773914547
0.01526027446190553       -0.3680576334281483      0.011393395101802387
-0.03548478796376036      -0.28425806998839703     0.014061233885826072
0.09153377911460334       -0.33655730503828696     0.011984887349325932
0.16090235943988626       -0.3509507923861345      0.010920782867228503
-0.2833734742371379       0.04204431290834098      0.014062044528802678
-0.2850831324054056       0.12072129497821898      0.013263527772613222
-0.5100546086568094       0.2583560454958592       0.006770645954717135
-0.3618181027410654       0.16762376540827303      0.01057801885018697
-0.43653834360360405      0.21531032541407405      0.008467328356220515
-0.5095754387690864       0.3531158770778142       0.005972717080959
-0.5786443435040525       0.4048707311915556       0.004650272271528816
-0.7410785763794271       0.5229894893072555       0.0022517983519260722
-0.6510423836918138       0.4777280629180833       0.0033492602608134673
-0.7337328478954135       0.6013417401467567       0.001942852851515703
-0.8333930893516598       0.685489088475132        9.566127933938268E-4
-0.7648525130409041       0.6554323613034856       0.0014818839993555578
-0.838627156876451        0.76504612187949         6.926959606740859E-4
0.8366530183929255        -0.7640430290978029      7.04182333885373E-4
0.74059060831021          -0.7383649835140075      0.0012418363619439942
0.5790416874122997        -0.6680861008207565      0.0025682087742481424
0.6667721414939138        -0.6734970430154152      0.0019964493869918183
0.4226178307448206        -0.5681381443867815      0.00463733451769261
0.5338279382616609        -0.5860280012479246      0.0035752409238163766
0.4218928197557532        -0.4725647623377458      0.0057791529803655345
0.2923698410103126        -0.4314274855235817      0.00777269723586142
0.3653253777834129        -0.4330053651142796      0.006920008048537635
0.24345232391580146       -0.3556028937354576      0.009772383493822076
0.04550990349847054       -0.27643446558569573     0.014298851163879899
0.12550665923169724       -0.2779246200642749      0.013426206685812616
0.19978713224581035       -0.28453252714634214     0.012048143935158365
-0.22014181579079173      0.16061076730669205      0.014645595381479614
-0.2884178047453805       0.19824366338856542      0.01197723660693245
-0.43422693897470643      0.31009154454571874      0.007530820717009984
-0.3612224943355302       0.25195388625552295      0.009544061448228234
-0.5127488426309978       0.42920883891092576      0.005228467584407633
-0.4353058201699162       0.40927195944480527      0.0063774152076447954
-0.5549589197622594       0.4854136830468434       0.004265996733833718
-0.6670862283274392       0.5764940440585036       0.002591758089945613
-0.595893297474761        0.5473920553896485       0.003383706084398639
-0.6884035746091621       0.6636508398214305       0.0019223525868494625
-0.7505362223466581       0.7385497935501466       0.0011932127229681772
-0.7937858232401972       0.8355866733308721       6.194703620420838E-4
0.8291315700748011        -0.6777367639064772      0.0010052275177065409
0.7406510776264734        -0.6283399781623142      0.0017642974735728768
0.6422219187347329        -0.5800676270132505      0.0027667797775131064
0.5058468126119162        -0.49961193410939153     0.004629181625050833
0.5801615153410526        -0.5128593615876454      0.003794080654594887
0.42271858367655923       -0.39046099392408823     0.006762699229201869
0.4798531695199312        -0.42853254679450864     0.0056228927657498195
0.33990108579055944       -0.3547717940840702      0.008404122242905392
0.27713851993955374       -0.27860774500642815     0.010754488357321885
0.16318994886697122       -0.21618179514170408     0.014710956330716582
0.22806771805716408       -0.22829642173452921     0.012847136225435003
-0.2297943971326804       0.22548073873348096      0.012872269305593547
-0.16251644033995488      0.21385221554137593      0.014800202148218327
-0.2796971079535531       0.2783715227421325       0.010710392361722764
-0.3471193611204533       0.3563641690558736       0.008273951389712658
-0.3641300450889663       0.4394058647798129       0.006843788599823533
-0.47355893229708784      0.49327674709890745      0.0050144113253997495
-0.4057811823081158       0.48344067464458423      0.0058121354274917785
-0.5167615567588164       0.5708532929977896       0.003850532552325633
-0.5923591148908149       0.6434878542057031       0.0026754341820459616
-0.6412897612243901       0.7414963846739515       0.0016974162380430566
-0.6905646384523019       0.8288456014769525       9.670791460992999E-4
0.8273434667384887        -0.5767684641132579      0.0013285754743528335
0.7384027035815686        -0.5267836449309643      0.002258126747559103
0.654931964607816         -0.4742546837456446      0.0033315580945316517
0.563890444475449         -0.42473832300232317     0.004669894094522258
0.4247660720703122        -0.3062407733250506      0.00772745733001337
0.4999204635789734        -0.35447085017445756     0.006094821548154728
0.3545089002453258        -0.25570481292494807     0.009624859256866425
0.2841406581133795        -0.19991597139564843     0.012055708900182508
0.21580741499039846       -0.16096784923470145     0.014775141482269142
-0.20042813379432242      0.28546927479048845      0.012013502592747886
-0.12081425116371936      0.2824701684252768       0.013345398678083003
-0.2460358351583254       0.3596898304420823       0.009654680471260129
-0.2929854508750049       0.43496290032514423      0.007706668783150278
-0.3411272430277549       0.5095624580322072       0.006080734388721704
-0.4147856476784244       0.5651083740122952       0.004735154587239789
-0.4810302013809225       0.6530182959147173       0.0033088666700958965
-0.5331667919737302       0.7395048530143344       0.0022189321657329806
-0.5837415340402927       0.8276059938063253       0.0013052582645933983
0.8278757280068013        -0.47332617980532354     0.0016309633396722801
0.7429722080053396        -0.4210600705573937      0.002682040059949004
0.6596607125770997        -0.3699340383829408      0.0038910614372527417
0.4288632668384045        -0.21832725740115388     0.008590023773984835
0.5804183756711604        -0.3204233769334298      0.005238166354143385
0.502684132292051         -0.2637089314415858      0.00685078088295188
0.35687151260440625       -0.1687088144740095      0.010686171576245254
0.28452472529540734       -0.1213790580361549      0.013272679638280641
0.42900003276903964       -0.13421826428154748     0.009287948115850526
-0.040290451257963905     0.2786141849325662       0.014246186848373038
-0.16235572154981498      0.35754326613975107      0.010740264129593995
-0.08037504796364858      0.3552592731289512       0.011520880939096955
-0.20579244939456676      0.4343729867923613       0.008597806671847381
-0.254028794606026        0.5104700682823485       0.006797201271614172
-0.31587020734344684      0.5856826872973819       0.0051946367105372175
-0.36937021063282655      0.659924462100478        0.0038909745729765253
-0.4241077510435076       0.7430543190013316       0.002668322234242727
-0.4764723892624531       0.8283662704839779       0.0016172535646811917
0.8302966768154032        -0.36843359253006924     0.0018880062121841852
0.7468643268346375        -0.3161387401204132      0.0030446844905143602
0.6688869558681945        -0.2629890359384407      0.004300356661631853
0.5082354145430071        -0.1713973948310733      0.007406338571500291
0.5879195517553231        -0.20534281083778988     0.005810793693738926
0.4898810821879338        -0.10238376910030514     0.0081246971194895
0.360191492364881         -0.08270752280460429     0.011366578080710189
0.28225833127883376       -0.03855975439207703     0.014120356884107095
0.44287445150739485       -0.0472052639735299      0.009366907124324112
0.2771608198530188        0.04552978302816226      0.014271768195461975
0.04083733578416746       0.2807154744820967       0.014165843262147903
0.0025938454986878224     0.35727275081575566      0.011717570508174215
-0.11926747695796203      0.4333538586490551       0.009284459840845223
-0.03712258822995721      0.43102533857332254      0.009677098460792649
-0.16008166753357078      0.5102178735603792       0.007432998541709551
-0.2090691797417661       0.5876078936348824       0.005797216642705913
-0.26461922397360854      0.6656032856010891       0.004339994881855787
-0.3160019874496632       0.7468651817219133       0.003045131322069784
-0.3686152041148215       0.8306424119439872       0.001883631502388628
0.8315458751202496        -0.2633412043662591      0.0021091090270512016
0.7478235311576743        -0.21107450127411545     0.0033570122235661317
0.6638800750537949        -0.15642065660398363     0.004768243254199194
0.572674968849431         -0.10239820210279668     0.006491256313179275
0.5138121631460495        -0.05076120130703763     0.007774829078427287
0.36562712148276777       0.013831470177123549     0.011465500440959427
0.44655780970371844       0.026968582470647134     0.009316521527690384
0.4953208731270699        -9.193187506333786E-4    0.008219602670794704
0.3345089566171118        0.09047290448124987      0.01205374211551493
0.2759436163445639        0.12375229769140765      0.013514060385629202
0.21419422138033326       0.163396384501283        0.014768371544183102
0.16042297205923908       0.2199598949794158       0.014655604995169635
0.12033108964844193       0.2828173545752665       0.013340708877333867
0.08513653972137825       0.3586438122774936       0.011394881441932138
0.04727418498700953       0.43945398475715997      0.009448639449351556
-0.07003531159761497      0.5086337424598776       0.007839498372766483
-0.0029866226221112605    0.4922217910434147       0.008287193600525345
-0.10229679290348884      0.5868686915437505       0.006231427503987527
-0.15751864240375857      0.6668046321689388       0.004718637580477673
-0.21092518676515265      0.7499572699716528       0.0033272281142283215
-0.2634163880526132       0.8317976875116421       0.002105731267700532
0.8312673244472366        -0.15805182463380021     0.002285517100593717
0.7466278368029249        -0.10512349585787122     0.003589002155384192
0.6601046970650871        -0.05233959798119046     0.005040033361133975
0.5695183697626843        -5.804997967239711E-4    0.006702221859016455
0.41905552673942376       0.10217208814891131      0.009720506137730399
0.5067582926325833        0.06559251961404611      0.007889999867761179
0.34914612872881806       0.1601980413224079       0.010974130451278333
0.2826961254949211        0.19990209769702405      0.012092175417171518
0.22634802742426127       0.2297376293693073       0.012853561316104583
0.19856270389903913       0.2874644215254927       0.011995738952835193
0.16566266644102576       0.35849929275560316      0.010680470548163845
0.13361406324977834       0.43348651619179474      0.009190393914194727
0.10094951274997607       0.49152823222882513      0.008095795650954916
0.04871392455108632       0.5120145648209244       0.007816142022684195
-0.00376332282107996      0.5699813246057888       0.006693165996178382
-0.05276233709148774      0.6627943648749686       0.00499432173547256
-0.10571891980637109      0.7481424205430515       0.0035651775902675134
-0.1583484710087828       0.83199979563009         0.0022749231426752135
0.8307859750918807        -0.05268319437533436     0.002384321812472137
0.7459835294718218        -2.261440615606493E-4    0.0036732819067952813
0.661986141132961         0.05065408063811524      0.005010052433909996
0.5830146430255295        0.09740237402867749      0.006314790717236715
0.4281448206652921        0.20087922282742318      0.008768864731779262
0.5055696514330613        0.15416892296088988      0.007555819466193482
0.35456489149661763       0.24393519265374927      0.009786961403044081
0.27626343721162344       0.2779956987803897       0.01078284500953941
0.24516913324285242       0.35825957894598714      0.009695212559197365
0.21193726383689734       0.434056801386741        0.00854771580272891
0.1670470151610841        0.5104008073781372       0.0073903491532088745
0.0986880826334591        0.5693996558960505       0.006562690527706151
0.049576125636552504      0.6590496582486758       0.005060692808338561
-0.0013199365771637643    0.7461798373174852       0.0036702137531835345
-0.053438944991881086     0.8311186232951743       0.002379141198541567
0.8310962393458571        0.05237325802050664      0.002379941612147582
0.7475108108968952        0.10427881750741348      0.003576766157707053
0.6658302262321045        0.15534555143637707      0.004740408360921219
0.5866595636697681        0.20643668214867986      0.005826117738713121
0.43107397698239436       0.29264083378261957      0.007775593308638889
0.5094587486114374        0.2521602580959611       0.006828642536127784
0.3510687234548329        0.3491062357279152       0.00832401459473821
0.4350106425744946        0.36844993398048925      0.006855796940488432
0.3036373584496115        0.43170701055063854      0.007643585095099129
0.2550984486033937        0.5104609152360979       0.006789076648084209
0.2007186324105469        0.5880450538953775       0.005831510719144
0.1532569152005367        0.6620465787318901       0.004806711229487643
0.10299299354930046       0.7456989748929485       0.0036060758686347534
0.05143733658760029       0.8304672490722409       0.002389509992173922
0.8316816302225286        0.15751693372298392      0.002280420247004785
0.7486850695177897        0.20981432375052766      0.0033480951178747193
0.6671251291496832        0.2634870305448487       0.004323273423877827
0.5890883972149059        0.31461147831263214      0.005154872624626341
0.5082332000767136        0.341239714975497        0.006098680269996747
0.48120145035228057       0.4135672538683336       0.005760548254854664
0.4012718363721389        0.4456214168029287       0.006338799118747464
0.33328535008219823       0.506344261376976        0.006197247247843086
0.31311600599309153       0.5860089384146498       0.005208234931707506
0.25943606059167834       0.6639661984089977       0.004386316161620124
0.20810935421914126       0.7462200858730176       0.0033874414446610815
0.15685248814583225       0.8305277597721921       0.0022973755349211832
0.8318967540051819        0.26281596854878225      0.002105639764835073
0.7481866008925366        0.31537188308487224      0.003030645670470478
0.6629024921017042        0.3678147909649743       0.0038628400938043868
0.5653735899766728        0.41981775788555176      0.004691971803964433
0.4928946180842819        0.4911798872143024       0.0048415507252877995
0.41180471160727267       0.5589953349018465       0.0048319536583675176
0.3647207165494504        0.6561364765820004       0.0039634831368260265
0.31266892772728966       0.7443029387701214       0.0030894108573061604
0.2611976348409676        0.829788352850843        0.0021359410477299677
0.8316482677441172        0.36803070082110967      0.0018736623734410425
0.7468998917006167        0.42029029477336977      0.00264271663983726
0.661252658556202         0.47274083968149255      0.003276669607801656
0.5844807819801924        0.5334272276104708       0.003592267384283834
0.5064897575950922        0.5746584591095255       0.0038974196695288218
0.4657680736878335        0.6530916763776867       0.0034026949030144167
0.4169559757090026        0.7410792675468817       0.0027198987416234177
0.3653981135632794        0.8282526160252343       0.001918863787025297
0.831499116705874         0.47321764700065055      0.0015964463447267479
0.7475377396520673        0.5254884709810566       0.002183191979892215
0.664771330593828         0.5776893192812621       0.0026028438112439653
0.5769590363210069        0.6402600105965889       0.0028031197311562802
0.5227196588156101        0.7379917404555395       0.0022805912867932088
0.4704603639105525        0.8267001570707077       0.0016505259209544626
0.8318942980430739        0.5785353141425713       0.0012879950067943848
0.7490985813095548        0.6304964489871322       0.001696252752493413
0.6698248020360017        0.664745342424089        0.0020315265922035684
0.6246588495384895        0.7402163089175484       0.0017847257458141932
0.5743792443384854        0.826439753419586        0.0013429268393762978
0.8315756421054182        0.684347657984473        9.70589959865483E-4
0.7361109100397081        0.7394844620476017       0.0012579375328639257
0.6757291201005073        0.8277616572240641       0.0010195987477654633
0.8386426138369067        0.7893729230937735       6.20950894468026E-4
0.7608081351040729        0.8353440679032145       7.195631128292379E-4
-0.07186689511933386      -0.0694019719515934      0.024227880851328036
-0.0023398944480527047    -0.05294798499825577     0.02604931569022947
-0.069488401627854        -0.001803213145388522    0.025494881074393207
-0.07174863554419741      0.0679852952885871       0.024281073188063114
0.07093117114400653       -0.06885031041099202     0.024281037800563218
0.06532908350141872       3.6309960996235377E-4    0.02564965070442742
-0.0010223225444707489    0.05127833852841224      0.02609777554665063
0.07119468552472293       0.06866162096100825      0.024278670737534695
